-49.021035
173.063743
26.709250
37.439539
-50.935066
114.998945
196.916019
33.070267
51.568478
166.062218
-160.952929
131.231346
-19.421529
18.980082
98.572314
-79.784189
19.870438
-8.578441
-83.526295
-5.339003
-37.717573
6.841877
45.201679
26.527751
4.827354
-0.454620
67.210245
-75.916235
-63.393698
122.027072
30.634316
120.698078
68.333503
-19.089849
68.136871
19.918479
-211.599012
-9.056551
-26.593125
-117.203219
44.702357
-145.495117
-13.200584
115.116941
-17.156254
-4.993778
-26.240364
32.895064
12.720532
72.523668
1.978035
183.692304
-32.866568
-72.813046
-38.319015
49.993277
72.781200
-259.097297
29.022304
76.965820
-26.977566
9.587794
150.248525
-51.621991
-155.115461
-21.658470
29.733213
175.244980
3.388845
-29.506420
87.191044
-105.117065
-78.745247
-78.672713
163.666606
48.307582
-71.534668
-40.538212
-9.323885
209.049994
-55.708150
162.464756
-232.674929
-165.721925
-95.052178
-163.975640
-67.531078
-76.945442
-10.304954
58.001283
-23.082738
-70.935148
45.017211
-42.585326
-37.052909
34.754015
-40.322242
-156.469863
-31.591953
50.499331
